INITIAL_SKUS <- 11
TARGET_SKUS <- 1000
FORECAST_HORIZON <- 13
QUANTILES <- c(0.05, 0.25, 0.5, 0.75, 0.95)
NLAGS <- 5
N.TREES <- 1250
INTERACTION.DEPTH <-20
SHRINKAGE <- 0.05
N.MINOBSINNODE <- 10
